(kicad_pcb (version 20171130) (host pcbnew "(5.0.0-3-g5ebb6b6)")

  (general
    (thickness 1.6)
    (drawings 14)
    (tracks 217)
    (zones 0)
    (modules 40)
    (nets 25)
  )

  (page A4)
  (layers
    (0 F.Cu signal)
    (31 B.Cu signal)
    (32 B.Adhes user)
    (33 F.Adhes user)
    (34 B.Paste user)
    (35 F.Paste user)
    (36 B.SilkS user hide)
    (37 F.SilkS user)
    (38 B.Mask user)
    (39 F.Mask user)
    (40 Dwgs.User user)
    (41 Cmts.User user)
    (42 Eco1.User user)
    (43 Eco2.User user)
    (44 Edge.Cuts user)
    (45 Margin user)
    (46 B.CrtYd user)
    (47 F.CrtYd user)
    (48 B.Fab user)
    (49 F.Fab user hide)
  )

  (setup
    (last_trace_width 0.154)
    (user_trace_width 0.154)
    (user_trace_width 0.254)
    (user_trace_width 0.781)
    (trace_clearance 0.1524)
    (zone_clearance 0.508)
    (zone_45_only no)
    (trace_min 0.1524)
    (segment_width 0.2)
    (edge_width 0.15)
    (via_size 0.6858)
    (via_drill 0.3302)
    (via_min_size 0.6858)
    (via_min_drill 0.3302)
    (uvia_size 0.3)
    (uvia_drill 0.1)
    (uvias_allowed no)
    (uvia_min_size 0.2)
    (uvia_min_drill 0.1)
    (pcb_text_width 0.3)
    (pcb_text_size 1.5 1.5)
    (mod_edge_width 0.15)
    (mod_text_size 1 1)
    (mod_text_width 0.15)
    (pad_size 1.524 1.524)
    (pad_drill 0.762)
    (pad_to_mask_clearance 0.0508)
    (aux_axis_origin 0 0)
    (visible_elements FFFFFF7F)
    (pcbplotparams
      (layerselection 0x00030_80000001)
      (usegerberextensions false)
      (usegerberattributes false)
      (usegerberadvancedattributes false)
      (creategerberjobfile false)
      (excludeedgelayer true)
      (linewidth 0.100000)
      (plotframeref false)
      (viasonmask false)
      (mode 1)
      (useauxorigin false)
      (hpglpennumber 1)
      (hpglpenspeed 20)
      (hpglpendiameter 15.000000)
      (psnegative false)
      (psa4output false)
      (plotreference true)
      (plotvalue true)
      (plotinvisibletext false)
      (padsonsilk false)
      (subtractmaskfromsilk false)
      (outputformat 1)
      (mirror false)
      (drillshape 1)
      (scaleselection 1)
      (outputdirectory ""))
  )

  (net 0 "")
  (net 1 VCC)
  (net 2 GND)
  (net 3 "Net-(D1-Pad1)")
  (net 4 "Net-(J1-Pad2)")
  (net 5 "Net-(R3-Pad1)")
  (net 6 "Net-(R1-Pad1)")
  (net 7 "Net-(D2-Pad2)")
  (net 8 +5V)
  (net 9 "Net-(D3-Pad1)")
  (net 10 "Net-(D4-Pad1)")
  (net 11 "Net-(J1-Pad3)")
  (net 12 "Net-(J1-Pad4)")
  (net 13 D-)
  (net 14 D+)
  (net 15 MOSI)
  (net 16 RST)
  (net 17 "Net-(L1-Pad2)")
  (net 18 PWM3)
  (net 19 "Net-(R5-Pad1)")
  (net 20 "Net-(R12-Pad2)")
  (net 21 Vin)
  (net 22 "Net-(C7-Pad1)")
  (net 23 +BATT)
  (net 24 "Net-(D5-Pad1)")

  (net_class Default "This is the default net class."
    (clearance 0.1524)
    (trace_width 0.1524)
    (via_dia 0.6858)
    (via_drill 0.3302)
    (uvia_dia 0.3)
    (uvia_drill 0.1)
    (add_net +5V)
    (add_net +BATT)
    (add_net D+)
    (add_net D-)
    (add_net GND)
    (add_net MOSI)
    (add_net "Net-(C7-Pad1)")
    (add_net "Net-(D1-Pad1)")
    (add_net "Net-(D2-Pad2)")
    (add_net "Net-(D3-Pad1)")
    (add_net "Net-(D4-Pad1)")
    (add_net "Net-(D5-Pad1)")
    (add_net "Net-(J1-Pad2)")
    (add_net "Net-(J1-Pad3)")
    (add_net "Net-(J1-Pad4)")
    (add_net "Net-(L1-Pad2)")
    (add_net "Net-(R1-Pad1)")
    (add_net "Net-(R12-Pad2)")
    (add_net "Net-(R3-Pad1)")
    (add_net "Net-(R5-Pad1)")
    (add_net PWM3)
    (add_net RST)
    (add_net VCC)
    (add_net Vin)
  )

  (module Jeremy:Battery_Clips_8650 (layer B.Cu) (tedit 5B956952) (tstamp 5B9BA2D0)
    (at 139.32 91.1 180)
    (path /59C9D408)
    (fp_text reference J3 (at 0 7.0104 180) (layer B.SilkS) hide
      (effects (font (size 1 1) (thickness 0.15)) (justify mirror))
    )
    (fp_text value Battery (at 0 -6.7056 180) (layer B.Fab) hide
      (effects (font (size 1 1) (thickness 0.15)) (justify mirror))
    )
    (fp_line (start -22.22 5.6) (end -22.22 -5.6) (layer B.CrtYd) (width 0.15))
    (fp_text user - (at -10 0.2032 180) (layer B.SilkS)
      (effects (font (size 2.5 2.5) (thickness 0.15)) (justify mirror))
    )
    (fp_text user + (at 11 0.2032 180) (layer B.SilkS)
      (effects (font (size 2.5 2.5) (thickness 0.15)) (justify mirror))
    )
    (fp_line (start -8 -2) (end -8 2) (layer B.SilkS) (width 0.3))
    (fp_line (start 8 -2) (end -8 -2) (layer B.SilkS) (width 0.3))
    (fp_line (start 8 -1) (end 8 -2) (layer B.SilkS) (width 0.3))
    (fp_line (start 9 -1) (end 8 -1) (layer B.SilkS) (width 0.3))
    (fp_line (start 9 0.9) (end 9 -1) (layer B.SilkS) (width 0.3))
    (fp_line (start 8.1 0.9) (end 9 0.9) (layer B.SilkS) (width 0.3))
    (fp_line (start 8.1 2) (end 8.1 0.9) (layer B.SilkS) (width 0.3))
    (fp_line (start -8 2) (end 8.1 2) (layer B.SilkS) (width 0.3))
    (fp_line (start -35.22 5.6) (end -22.22 5.6) (layer B.CrtYd) (width 0.15))
    (fp_line (start -35.22 -5.6) (end -35.22 5.6) (layer B.CrtYd) (width 0.15))
    (fp_line (start -22.22 -5.6) (end -35.22 -5.6) (layer B.CrtYd) (width 0.15))
    (fp_line (start 35.22 5.6) (end 35.22 -5.6) (layer B.CrtYd) (width 0.15))
    (fp_line (start 22.22 5.6) (end 22.22 -5.6) (layer B.CrtYd) (width 0.15))
    (fp_line (start 35.22 5.6) (end 22.22 5.6) (layer B.CrtYd) (width 0.15))
    (fp_line (start 22.22 -5.6) (end 35.22 -5.6) (layer B.CrtYd) (width 0.15))
    (pad 2 thru_hole circle (at -24 2.54 180) (size 2.8 2.8) (drill 1.83) (layers *.Cu *.Mask)
      (net 2 GND))
    (pad 2 thru_hole circle (at -24 -2.54 180) (size 2.8 2.8) (drill 1.83) (layers *.Cu *.Mask)
      (net 2 GND))
    (pad 1 thru_hole circle (at 24 2.54 180) (size 2.8 2.8) (drill 1.83) (layers *.Cu *.Mask)
      (net 23 +BATT))
    (pad 1 thru_hole circle (at 24 -2.54 180) (size 2.8 2.8) (drill 1.83) (layers *.Cu *.Mask)
      (net 23 +BATT))
    (pad 1 thru_hole circle (at 31.62 0 180) (size 2.8 2.8) (drill 1.83) (layers *.Cu *.Mask)
      (net 23 +BATT))
    (pad 2 thru_hole circle (at -31.62 0 180) (size 2.8 2.8) (drill 1.83) (layers *.Cu *.Mask)
      (net 2 GND))
  )

  (module Jeremy:Switch_SPST_GPTS203211BR2 (layer F.Cu) (tedit 59CB2739) (tstamp 59CB24C9)
    (at 182.85 91.1 270)
    (path /59C9E171)
    (fp_text reference SW2 (at 0 0 270) (layer F.SilkS)
      (effects (font (size 1 1) (thickness 0.15)))
    )
    (fp_text value Power (at 8.05 -0.2) (layer F.Fab) hide
      (effects (font (size 1 1) (thickness 0.15)))
    )
    (fp_line (start 5 -5) (end -5 -5) (layer F.SilkS) (width 0.15))
    (fp_line (start 5 5) (end 5 -5) (layer F.SilkS) (width 0.15))
    (fp_line (start -5 5) (end 5 5) (layer F.SilkS) (width 0.15))
    (fp_line (start -5 -5) (end -5 5) (layer F.SilkS) (width 0.15))
    (fp_line (start 7 -7) (end -7 -7) (layer F.CrtYd) (width 0.15))
    (fp_line (start 7 8) (end 7 -7) (layer F.CrtYd) (width 0.15))
    (fp_line (start -7 8) (end 7 8) (layer F.CrtYd) (width 0.15))
    (fp_line (start -7 -7) (end -7 8) (layer F.CrtYd) (width 0.15))
    (pad 1 thru_hole rect (at -2.65 6.5 270) (size 1.65 1.524) (drill 1.1) (layers *.Cu *.Mask)
      (net 24 "Net-(D5-Pad1)"))
    (pad 2 thru_hole circle (at 2.65 6.5 270) (size 1.65 1.65) (drill 1.1) (layers *.Cu *.Mask)
      (net 22 "Net-(C7-Pad1)"))
  )

  (module SOT95P280X145-5N (layer F.Cu) (tedit 5B95C80C) (tstamp 59CB250C)
    (at 120.575 86.475 270)
    (path /59C9DDF2)
    (attr smd)
    (fp_text reference U2 (at 0.075 0.075) (layer F.SilkS)
      (effects (font (size 0.75 0.75) (thickness 0.1)))
    )
    (fp_text value MCP73831T-2ACI/OT (at -0.559217 2.87234 270) (layer F.SilkS) hide
      (effects (font (size 1.64122 1.64122) (thickness 0.05)))
    )
    (fp_line (start -0.6096 1.5494) (end 0.6096 1.5494) (layer F.SilkS) (width 0.1524))
    (fp_line (start 0.8636 0.3302) (end 0.8636 -0.3302) (layer F.SilkS) (width 0.1524))
    (fp_line (start 0.6096 -1.5494) (end 0.3048 -1.5494) (layer F.SilkS) (width 0.1524))
    (fp_line (start 0.3048 -1.5494) (end -0.3048 -1.5494) (layer F.SilkS) (width 0.1524))
    (fp_line (start -0.3048 -1.5494) (end -0.6096 -1.5494) (layer F.SilkS) (width 0.1524))
    (fp_arc (start 0 -1.5494) (end -0.3048 -1.5494) (angle -180) (layer F.SilkS) (width 0))
    (fp_line (start -0.8636 1.5494) (end 0.8636 1.5494) (layer Dwgs.User) (width 0.1524))
    (fp_line (start 0.8636 1.5494) (end 0.8636 1.1938) (layer Dwgs.User) (width 0.1524))
    (fp_line (start 0.8636 1.1938) (end 0.8636 0.7112) (layer Dwgs.User) (width 0.1524))
    (fp_line (start 0.8636 0.7112) (end 0.8636 -0.7112) (layer Dwgs.User) (width 0.1524))
    (fp_line (start 0.8636 -1.5494) (end 0.3048 -1.5494) (layer Dwgs.User) (width 0.1524))
    (fp_line (start 0.3048 -1.5494) (end -0.3048 -1.5494) (layer Dwgs.User) (width 0.1524))
    (fp_line (start -0.3048 -1.5494) (end -0.8636 -1.5494) (layer Dwgs.User) (width 0.1524))
    (fp_line (start -0.8636 -1.5494) (end -0.8636 -1.1938) (layer Dwgs.User) (width 0.1524))
    (fp_line (start -0.8636 -1.1938) (end -0.8636 -0.7112) (layer Dwgs.User) (width 0.1524))
    (fp_line (start -0.8636 -0.7112) (end -0.8636 -0.254) (layer Dwgs.User) (width 0.1524))
    (fp_line (start -0.8636 -0.254) (end -0.8636 0.254) (layer Dwgs.User) (width 0.1524))
    (fp_line (start -0.8636 0.254) (end -0.8636 0.7112) (layer Dwgs.User) (width 0.1524))
    (fp_line (start -0.8636 -1.1938) (end -1.4986 -1.1938) (layer Dwgs.User) (width 0.1524))
    (fp_line (start -1.4986 -1.1938) (end -1.4986 -0.7112) (layer Dwgs.User) (width 0.1524))
    (fp_line (start -1.4986 -0.7112) (end -0.8636 -0.7112) (layer Dwgs.User) (width 0.1524))
    (fp_line (start -0.8636 -0.254) (end -1.4986 -0.254) (layer Dwgs.User) (width 0.1524))
    (fp_line (start -1.4986 -0.254) (end -1.4986 0.254) (layer Dwgs.User) (width 0.1524))
    (fp_line (start -1.4986 0.254) (end -0.8636 0.254) (layer Dwgs.User) (width 0.1524))
    (fp_line (start -0.8636 1.5494) (end -0.8636 1.1938) (layer Dwgs.User) (width 0.1524))
    (fp_line (start -0.8636 1.1938) (end -0.8636 0.7112) (layer Dwgs.User) (width 0.1524))
    (fp_line (start -0.8636 0.7112) (end -1.4986 0.7112) (layer Dwgs.User) (width 0.1524))
    (fp_line (start -1.4986 0.7112) (end -1.4986 1.1938) (layer Dwgs.User) (width 0.1524))
    (fp_line (start -1.4986 1.1938) (end -0.8636 1.1938) (layer Dwgs.User) (width 0.1524))
    (fp_line (start 0.8636 1.1938) (end 1.4986 1.1938) (layer Dwgs.User) (width 0.1524))
    (fp_line (start 1.4986 1.1938) (end 1.4986 0.7112) (layer Dwgs.User) (width 0.1524))
    (fp_line (start 1.4986 0.7112) (end 0.8636 0.7112) (layer Dwgs.User) (width 0.1524))
    (fp_line (start 0.8636 -1.5494) (end 0.8636 -1.1938) (layer Dwgs.User) (width 0.1524))
    (fp_line (start 0.8636 -1.1938) (end 0.8636 -0.7112) (layer Dwgs.User) (width 0.1524))
    (fp_line (start 0.8636 -0.7112) (end 1.4986 -0.7112) (layer Dwgs.User) (width 0.1524))
    (fp_line (start 1.4986 -0.7112) (end 1.4986 -1.1938) (layer Dwgs.User) (width 0.1524))
    (fp_line (start 1.4986 -1.1938) (end 0.8636 -1.1938) (layer Dwgs.User) (width 0.1524))
    (fp_arc (start 0 -1.5494) (end -0.3048 -1.5494) (angle -180) (layer Dwgs.User) (width 0))
    (pad 1 smd rect (at -1.2954 -0.9398 270) (size 1.27 0.5588) (layers F.Cu F.Paste F.Mask)
      (net 19 "Net-(R5-Pad1)"))
    (pad 2 smd rect (at -1.2954 0 270) (size 1.27 0.5588) (layers F.Cu F.Paste F.Mask)
      (net 2 GND))
    (pad 3 smd rect (at -1.2954 0.9398 270) (size 1.27 0.5588) (layers F.Cu F.Paste F.Mask)
      (net 23 +BATT))
    (pad 4 smd rect (at 1.2954 0.9398 270) (size 1.27 0.5588) (layers F.Cu F.Paste F.Mask)
      (net 21 Vin))
    (pad 5 smd rect (at 1.2954 -0.9398 270) (size 1.27 0.5588) (layers F.Cu F.Paste F.Mask)
      (net 5 "Net-(R3-Pad1)"))
  )

  (module Jeremy:Switch_TE_FSMSM (layer F.Cu) (tedit 5B6B6E26) (tstamp 5B6A9C2C)
    (at 191.6 91.1 270)
    (path /59C9E82C)
    (fp_text reference SW1 (at -0.05 0.2 270) (layer F.SilkS)
      (effects (font (size 1 1) (thickness 0.15)))
    )
    (fp_text value Mode (at -6.85 0.15) (layer F.Fab) hide
      (effects (font (size 1 1) (thickness 0.15)))
    )
    (fp_line (start -6 -1.75) (end -6 1.75) (layer F.CrtYd) (width 0.15))
    (fp_line (start -6 -1.75) (end 6 -1.75) (layer F.CrtYd) (width 0.15))
    (fp_line (start -6 1.75) (end 6 1.75) (layer F.CrtYd) (width 0.15))
    (fp_line (start 6 -1.75) (end 6 1.75) (layer F.CrtYd) (width 0.15))
    (pad 1 smd rect (at -4.6 0 270) (size 2.18 1.6) (layers F.Cu F.Paste F.Mask)
      (net 8 +5V))
    (pad 2 smd rect (at 4.6 0 270) (size 2.18 1.6) (layers F.Cu F.Paste F.Mask)
      (net 6 "Net-(R1-Pad1)"))
  )

  (module Connector_USB:USB_Micro-B_Amphenol_10103594-0001LF_Horizontal (layer F.Cu) (tedit 5B8DC15D) (tstamp 5B926236)
    (at 100.9 91.1 270)
    (descr "Micro USB Type B 10103594-0001LF, http://cdn.amphenol-icc.com/media/wysiwyg/files/drawing/10103594.pdf")
    (tags "USB USB_B USB_micro USB_OTG")
    (path /5B8DB65D)
    (attr smd)
    (fp_text reference J2 (at 0.95 -4 270) (layer F.SilkS) hide
      (effects (font (size 1 1) (thickness 0.15)))
    )
    (fp_text value USB_B_Micro (at -0.025 4.435 270) (layer F.Fab)
      (effects (font (size 1 1) (thickness 0.15)))
    )
    (fp_text user "PCB edge" (at -0.025 2.235 270) (layer Dwgs.User)
      (effects (font (size 0.5 0.5) (thickness 0.075)))
    )
    (fp_text user %R (at -0.025 -0.015 270) (layer F.Fab)
      (effects (font (size 1 1) (thickness 0.15)))
    )
    (fp_line (start -4.175 -0.065) (end -4.175 -1.615) (layer F.SilkS) (width 0.12))
    (fp_line (start -4.175 -0.065) (end -3.875 -0.065) (layer F.SilkS) (width 0.12))
    (fp_line (start -3.875 2.735) (end -3.875 -0.065) (layer F.SilkS) (width 0.12))
    (fp_line (start 4.125 -0.065) (end 4.125 -1.615) (layer F.SilkS) (width 0.12))
    (fp_line (start 3.825 -0.065) (end 4.125 -0.065) (layer F.SilkS) (width 0.12))
    (fp_line (start 3.825 2.735) (end 3.825 -0.065) (layer F.SilkS) (width 0.12))
    (fp_line (start -0.925 -3.315) (end -1.325 -2.865) (layer F.SilkS) (width 0.12))
    (fp_line (start -1.725 -3.315) (end -0.925 -3.315) (layer F.SilkS) (width 0.12))
    (fp_line (start -1.325 -2.865) (end -1.725 -3.315) (layer F.SilkS) (width 0.12))
    (fp_line (start -3.775 -0.865) (end -2.975 -1.615) (layer F.Fab) (width 0.12))
    (fp_line (start 3.725 3.335) (end -3.775 3.335) (layer F.Fab) (width 0.12))
    (fp_line (start 3.725 -1.615) (end 3.725 3.335) (layer F.Fab) (width 0.12))
    (fp_line (start -2.975 -1.615) (end 3.725 -1.615) (layer F.Fab) (width 0.12))
    (fp_line (start -3.775 3.335) (end -3.775 -0.865) (layer F.Fab) (width 0.12))
    (fp_line (start -4.025 2.835) (end 3.975 2.835) (layer Dwgs.User) (width 0.1))
    (fp_line (start -4.13 -2.88) (end 4.14 -2.88) (layer F.CrtYd) (width 0.05))
    (fp_line (start -4.13 -2.88) (end -4.13 3.58) (layer F.CrtYd) (width 0.05))
    (fp_line (start 4.14 3.58) (end 4.14 -2.88) (layer F.CrtYd) (width 0.05))
    (fp_line (start 4.14 3.58) (end -4.13 3.58) (layer F.CrtYd) (width 0.05))
    (pad 6 smd rect (at 2.725 0.185 270) (size 1.35 2) (layers F.Cu F.Paste F.Mask)
      (net 2 GND))
    (pad 6 smd rect (at -2.755 0.185 270) (size 1.35 2) (layers F.Cu F.Paste F.Mask)
      (net 2 GND))
    (pad 6 smd rect (at -2.975 -0.565 270) (size 1.825 0.7) (layers F.Cu F.Paste F.Mask)
      (net 2 GND))
    (pad 6 smd rect (at 2.975 -0.565 270) (size 1.825 0.7) (layers F.Cu F.Paste F.Mask)
      (net 2 GND))
    (pad 6 smd rect (at -2.875 -1.865 270) (size 2 1.5) (layers F.Cu F.Paste F.Mask)
      (net 2 GND))
    (pad 6 smd rect (at 2.875 -1.885 270) (size 2 1.5) (layers F.Cu F.Paste F.Mask)
      (net 2 GND))
    (pad 1 smd rect (at -1.325 -1.765) (size 1.65 0.4) (layers F.Cu F.Paste F.Mask)
      (net 21 Vin))
    (pad 2 smd rect (at -0.675 -1.765) (size 1.65 0.4) (layers F.Cu F.Paste F.Mask)
      (net 10 "Net-(D4-Pad1)"))
    (pad 3 smd rect (at -0.025 -1.765) (size 1.65 0.4) (layers F.Cu F.Paste F.Mask)
      (net 9 "Net-(D3-Pad1)"))
    (pad 4 smd rect (at 0.625 -1.765) (size 1.65 0.4) (layers F.Cu F.Paste F.Mask))
    (pad 5 smd rect (at 1.275 -1.765) (size 1.65 0.4) (layers F.Cu F.Paste F.Mask)
      (net 2 GND))
    (pad 6 thru_hole oval (at -2.445 -1.885) (size 1.5 1.1) (drill oval 1.05 0.65) (layers *.Cu *.Mask)
      (net 2 GND))
    (pad 6 thru_hole oval (at 2.395 -1.885) (size 1.5 1.1) (drill oval 1.05 0.65) (layers *.Cu *.Mask)
      (net 2 GND))
    (pad 6 thru_hole oval (at -2.755 1.115) (size 1.7 1.35) (drill oval 1.2 0.7) (layers *.Cu *.Mask)
      (net 2 GND))
    (pad 6 thru_hole oval (at 2.705 1.115) (size 1.7 1.35) (drill oval 1.2 0.7) (layers *.Cu *.Mask)
      (net 2 GND))
    (pad 6 smd rect (at -0.985 1.385) (size 2.5 1.43) (layers F.Cu F.Paste F.Mask)
      (net 2 GND))
    (pad 6 smd rect (at 0.935 1.385) (size 2.5 1.43) (layers F.Cu F.Paste F.Mask)
      (net 2 GND))
    (model ${KISYS3DMOD}/Connector_USB.3dshapes/USB_Micro-B_Amphenol_10103594-0001LF_Horizontal.wrl
      (at (xyz 0 0 0))
      (scale (xyz 1 1 1))
      (rotate (xyz 0 0 0))
    )
  )

  (module Connector_PinHeader_2.54mm:PinHeader_2x03_P2.54mm_Vertical (layer B.Cu) (tedit 5B95B044) (tstamp 5B9BA7D9)
    (at 157.05 96.225)
    (descr "Through hole straight pin header, 2x03, 2.54mm pitch, double rows")
    (tags "Through hole pin header THT 2x03 2.54mm double row")
    (path /5BAB9523)
    (fp_text reference J4 (at 1.27 2.33) (layer B.SilkS) hide
      (effects (font (size 1 1) (thickness 0.15)) (justify mirror))
    )
    (fp_text value ISP (at 1.35 2.3) (layer B.SilkS)
      (effects (font (size 1 1) (thickness 0.15)) (justify mirror))
    )
    (fp_line (start 0 1.27) (end 3.81 1.27) (layer B.Fab) (width 0.1))
    (fp_line (start 3.81 1.27) (end 3.81 -6.35) (layer B.Fab) (width 0.1))
    (fp_line (start 3.81 -6.35) (end -1.27 -6.35) (layer B.Fab) (width 0.1))
    (fp_line (start -1.27 -6.35) (end -1.27 0) (layer B.Fab) (width 0.1))
    (fp_line (start -1.27 0) (end 0 1.27) (layer B.Fab) (width 0.1))
    (fp_line (start -1.33 -6.41) (end 3.87 -6.41) (layer B.SilkS) (width 0.12))
    (fp_line (start -1.33 -1.27) (end -1.33 -6.41) (layer B.SilkS) (width 0.12))
    (fp_line (start 3.87 1.33) (end 3.87 -6.41) (layer B.SilkS) (width 0.12))
    (fp_line (start -1.33 -1.27) (end 1.27 -1.27) (layer B.SilkS) (width 0.12))
    (fp_line (start 1.27 -1.27) (end 1.27 1.33) (layer B.SilkS) (width 0.12))
    (fp_line (start 1.27 1.33) (end 3.87 1.33) (layer B.SilkS) (width 0.12))
    (fp_line (start -1.33 0) (end -1.33 1.33) (layer B.SilkS) (width 0.12))
    (fp_line (start -1.33 1.33) (end 0 1.33) (layer B.SilkS) (width 0.12))
    (fp_line (start -1.8 1.8) (end -1.8 -6.85) (layer B.CrtYd) (width 0.05))
    (fp_line (start -1.8 -6.85) (end 4.35 -6.85) (layer B.CrtYd) (width 0.05))
    (fp_line (start 4.35 -6.85) (end 4.35 1.8) (layer B.CrtYd) (width 0.05))
    (fp_line (start 4.35 1.8) (end -1.8 1.8) (layer B.CrtYd) (width 0.05))
    (fp_text user %R (at 1.27 -2.54 -90) (layer B.Fab)
      (effects (font (size 1 1) (thickness 0.15)) (justify mirror))
    )
    (pad 1 thru_hole rect (at 0 0) (size 1.7 1.7) (drill 1) (layers *.Cu *.Mask)
      (net 13 D-))
    (pad 2 thru_hole oval (at 2.54 0) (size 1.7 1.7) (drill 1) (layers *.Cu *.Mask)
      (net 8 +5V))
    (pad 3 thru_hole oval (at 0 -2.54) (size 1.7 1.7) (drill 1) (layers *.Cu *.Mask)
      (net 14 D+))
    (pad 4 thru_hole oval (at 2.54 -2.54) (size 1.7 1.7) (drill 1) (layers *.Cu *.Mask)
      (net 15 MOSI))
    (pad 5 thru_hole oval (at 0 -5.08) (size 1.7 1.7) (drill 1) (layers *.Cu *.Mask)
      (net 16 RST))
    (pad 6 thru_hole oval (at 2.54 -5.08) (size 1.7 1.7) (drill 1) (layers *.Cu *.Mask)
      (net 2 GND))
    (model ${KISYS3DMOD}/Connector_PinHeader_2.54mm.3dshapes/PinHeader_2x03_P2.54mm_Vertical.wrl
      (at (xyz 0 0 0))
      (scale (xyz 1 1 1))
      (rotate (xyz 0 0 0))
    )
  )

  (module Package_TO_SOT_SMD:SOT-23 (layer F.Cu) (tedit 5B9ADB72) (tstamp 5B9BA796)
    (at 141.4 90.55 90)
    (descr "SOT-23, Standard")
    (tags SOT-23)
    (path /59C9CEA8)
    (attr smd)
    (fp_text reference Q1 (at -0.025 0.025 180) (layer F.SilkS)
      (effects (font (size 0.75 0.75) (thickness 0.1)))
    )
    (fp_text value NTR4003NT1G (at 0 2.5 90) (layer F.Fab) hide
      (effects (font (size 1 1) (thickness 0.15)))
    )
    (fp_text user %R (at 0 0 180) (layer F.Fab)
      (effects (font (size 0.5 0.5) (thickness 0.075)))
    )
    (fp_line (start -0.7 -0.95) (end -0.7 1.5) (layer F.Fab) (width 0.1))
    (fp_line (start -0.15 -1.52) (end 0.7 -1.52) (layer F.Fab) (width 0.1))
    (fp_line (start -0.7 -0.95) (end -0.15 -1.52) (layer F.Fab) (width 0.1))
    (fp_line (start 0.7 -1.52) (end 0.7 1.52) (layer F.Fab) (width 0.1))
    (fp_line (start -0.7 1.52) (end 0.7 1.52) (layer F.Fab) (width 0.1))
    (fp_line (start 0.76 1.58) (end 0.76 0.65) (layer F.SilkS) (width 0.12))
    (fp_line (start 0.76 -1.58) (end 0.76 -0.65) (layer F.SilkS) (width 0.12))
    (fp_line (start -1.7 -1.75) (end 1.7 -1.75) (layer F.CrtYd) (width 0.05))
    (fp_line (start 1.7 -1.75) (end 1.7 1.75) (layer F.CrtYd) (width 0.05))
    (fp_line (start 1.7 1.75) (end -1.7 1.75) (layer F.CrtYd) (width 0.05))
    (fp_line (start -1.7 1.75) (end -1.7 -1.75) (layer F.CrtYd) (width 0.05))
    (fp_line (start 0.76 -1.58) (end -1.4 -1.58) (layer F.SilkS) (width 0.12))
    (fp_line (start 0.76 1.58) (end -0.7 1.58) (layer F.SilkS) (width 0.12))
    (pad 1 smd rect (at -1 -0.95 90) (size 0.9 0.8) (layers F.Cu F.Paste F.Mask)
      (net 15 MOSI))
    (pad 2 smd rect (at -1 0.95 90) (size 0.9 0.8) (layers F.Cu F.Paste F.Mask)
      (net 2 GND))
    (pad 3 smd rect (at 1 0 90) (size 0.9 0.8) (layers F.Cu F.Paste F.Mask)
      (net 4 "Net-(J1-Pad2)"))
    (model ${KISYS3DMOD}/Package_TO_SOT_SMD.3dshapes/SOT-23.wrl
      (at (xyz 0 0 0))
      (scale (xyz 1 1 1))
      (rotate (xyz 0 0 0))
    )
  )

  (module Capacitor_SMD:C_0603_1608Metric_Pad1.05x0.95mm_HandSolder (layer F.Cu) (tedit 5B9AE0CC) (tstamp 5B9BAAE0)
    (at 132.5 90.875 270)
    (descr "Capacitor SMD 0603 (1608 Metric), square (rectangular) end terminal, IPC_7351 nominal with elongated pad for handsoldering. (Body size source: http://www.tortai-tech.com/upload/download/2011102023233369053.pdf), generated with kicad-footprint-generator")
    (tags "capacitor handsolder")
    (path /59C9C8A6)
    (attr smd)
    (fp_text reference C1 (at -0.05 1.3 270) (layer F.SilkS)
      (effects (font (size 0.75 0.75) (thickness 0.1)))
    )
    (fp_text value 0.1uF (at 0 1.43 270) (layer F.Fab)
      (effects (font (size 1 1) (thickness 0.15)))
    )
    (fp_text user %R (at 0 0 270) (layer F.Fab)
      (effects (font (size 0.4 0.4) (thickness 0.06)))
    )
    (fp_line (start 1.65 0.73) (end -1.65 0.73) (layer F.CrtYd) (width 0.05))
    (fp_line (start 1.65 -0.73) (end 1.65 0.73) (layer F.CrtYd) (width 0.05))
    (fp_line (start -1.65 -0.73) (end 1.65 -0.73) (layer F.CrtYd) (width 0.05))
    (fp_line (start -1.65 0.73) (end -1.65 -0.73) (layer F.CrtYd) (width 0.05))
    (fp_line (start -0.171267 0.51) (end 0.171267 0.51) (layer F.SilkS) (width 0.12))
    (fp_line (start -0.171267 -0.51) (end 0.171267 -0.51) (layer F.SilkS) (width 0.12))
    (fp_line (start 0.8 0.4) (end -0.8 0.4) (layer F.Fab) (width 0.1))
    (fp_line (start 0.8 -0.4) (end 0.8 0.4) (layer F.Fab) (width 0.1))
    (fp_line (start -0.8 -0.4) (end 0.8 -0.4) (layer F.Fab) (width 0.1))
    (fp_line (start -0.8 0.4) (end -0.8 -0.4) (layer F.Fab) (width 0.1))
    (pad 2 smd roundrect (at 0.875 0 270) (size 1.05 0.95) (layers F.Cu F.Paste F.Mask) (roundrect_rratio 0.25)
      (net 2 GND))
    (pad 1 smd roundrect (at -0.875 0 270) (size 1.05 0.95) (layers F.Cu F.Paste F.Mask) (roundrect_rratio 0.25)
      (net 8 +5V))
    (model ${KISYS3DMOD}/Capacitor_SMD.3dshapes/C_0603_1608Metric.wrl
      (at (xyz 0 0 0))
      (scale (xyz 1 1 1))
      (rotate (xyz 0 0 0))
    )
  )

  (module Capacitor_SMD:C_0603_1608Metric_Pad1.05x0.95mm_HandSolder (layer F.Cu) (tedit 5B9ADB7F) (tstamp 5B9BAAB0)
    (at 143.95 90.65 90)
    (descr "Capacitor SMD 0603 (1608 Metric), square (rectangular) end terminal, IPC_7351 nominal with elongated pad for handsoldering. (Body size source: http://www.tortai-tech.com/upload/download/2011102023233369053.pdf), generated with kicad-footprint-generator")
    (tags "capacitor handsolder")
    (path /59C9D1BD)
    (attr smd)
    (fp_text reference C2 (at 2.175 0 180) (layer F.SilkS)
      (effects (font (size 0.75 0.75) (thickness 0.1)))
    )
    (fp_text value 4.7uF (at 0 1.43 90) (layer F.Fab)
      (effects (font (size 1 1) (thickness 0.15)))
    )
    (fp_line (start -0.8 0.4) (end -0.8 -0.4) (layer F.Fab) (width 0.1))
    (fp_line (start -0.8 -0.4) (end 0.8 -0.4) (layer F.Fab) (width 0.1))
    (fp_line (start 0.8 -0.4) (end 0.8 0.4) (layer F.Fab) (width 0.1))
    (fp_line (start 0.8 0.4) (end -0.8 0.4) (layer F.Fab) (width 0.1))
    (fp_line (start -0.171267 -0.51) (end 0.171267 -0.51) (layer F.SilkS) (width 0.12))
    (fp_line (start -0.171267 0.51) (end 0.171267 0.51) (layer F.SilkS) (width 0.12))
    (fp_line (start -1.65 0.73) (end -1.65 -0.73) (layer F.CrtYd) (width 0.05))
    (fp_line (start -1.65 -0.73) (end 1.65 -0.73) (layer F.CrtYd) (width 0.05))
    (fp_line (start 1.65 -0.73) (end 1.65 0.73) (layer F.CrtYd) (width 0.05))
    (fp_line (start 1.65 0.73) (end -1.65 0.73) (layer F.CrtYd) (width 0.05))
    (fp_text user %R (at 0 0 90) (layer F.Fab)
      (effects (font (size 0.4 0.4) (thickness 0.06)))
    )
    (pad 1 smd roundrect (at -0.875 0 90) (size 1.05 0.95) (layers F.Cu F.Paste F.Mask) (roundrect_rratio 0.25)
      (net 2 GND))
    (pad 2 smd roundrect (at 0.875 0 90) (size 1.05 0.95) (layers F.Cu F.Paste F.Mask) (roundrect_rratio 0.25)
      (net 1 VCC))
    (model ${KISYS3DMOD}/Capacitor_SMD.3dshapes/C_0603_1608Metric.wrl
      (at (xyz 0 0 0))
      (scale (xyz 1 1 1))
      (rotate (xyz 0 0 0))
    )
  )

  (module Capacitor_SMD:C_0603_1608Metric_Pad1.05x0.95mm_HandSolder (layer F.Cu) (tedit 5B301BBE) (tstamp 5B97763C)
    (at 120.55 89.45)
    (descr "Capacitor SMD 0603 (1608 Metric), square (rectangular) end terminal, IPC_7351 nominal with elongated pad for handsoldering. (Body size source: http://www.tortai-tech.com/upload/download/2011102023233369053.pdf), generated with kicad-footprint-generator")
    (tags "capacitor handsolder")
    (path /59C9EFD0)
    (attr smd)
    (fp_text reference C3 (at 2.6 -0.375) (layer F.SilkS)
      (effects (font (size 1 1) (thickness 0.15)))
    )
    (fp_text value 4.7uF (at 0 1.43) (layer F.Fab)
      (effects (font (size 1 1) (thickness 0.15)))
    )
    (fp_text user %R (at 0 0) (layer F.Fab)
      (effects (font (size 0.4 0.4) (thickness 0.06)))
    )
    (fp_line (start 1.65 0.73) (end -1.65 0.73) (layer F.CrtYd) (width 0.05))
    (fp_line (start 1.65 -0.73) (end 1.65 0.73) (layer F.CrtYd) (width 0.05))
    (fp_line (start -1.65 -0.73) (end 1.65 -0.73) (layer F.CrtYd) (width 0.05))
    (fp_line (start -1.65 0.73) (end -1.65 -0.73) (layer F.CrtYd) (width 0.05))
    (fp_line (start -0.171267 0.51) (end 0.171267 0.51) (layer F.SilkS) (width 0.12))
    (fp_line (start -0.171267 -0.51) (end 0.171267 -0.51) (layer F.SilkS) (width 0.12))
    (fp_line (start 0.8 0.4) (end -0.8 0.4) (layer F.Fab) (width 0.1))
    (fp_line (start 0.8 -0.4) (end 0.8 0.4) (layer F.Fab) (width 0.1))
    (fp_line (start -0.8 -0.4) (end 0.8 -0.4) (layer F.Fab) (width 0.1))
    (fp_line (start -0.8 0.4) (end -0.8 -0.4) (layer F.Fab) (width 0.1))
    (pad 2 smd roundrect (at 0.875 0) (size 1.05 0.95) (layers F.Cu F.Paste F.Mask) (roundrect_rratio 0.25)
      (net 2 GND))
    (pad 1 smd roundrect (at -0.875 0) (size 1.05 0.95) (layers F.Cu F.Paste F.Mask) (roundrect_rratio 0.25)
      (net 21 Vin))
    (model ${KISYS3DMOD}/Capacitor_SMD.3dshapes/C_0603_1608Metric.wrl
      (at (xyz 0 0 0))
      (scale (xyz 1 1 1))
      (rotate (xyz 0 0 0))
    )
  )

  (module Capacitor_SMD:C_0603_1608Metric_Pad1.05x0.95mm_HandSolder (layer F.Cu) (tedit 5B9ADB9F) (tstamp 5B9BAA80)
    (at 149.1 90.6 90)
    (descr "Capacitor SMD 0603 (1608 Metric), square (rectangular) end terminal, IPC_7351 nominal with elongated pad for handsoldering. (Body size source: http://www.tortai-tech.com/upload/download/2011102023233369053.pdf), generated with kicad-footprint-generator")
    (tags "capacitor handsolder")
    (path /5B92C0F5)
    (attr smd)
    (fp_text reference C4 (at 2.15 -0.05 180) (layer F.SilkS)
      (effects (font (size 0.75 0.75) (thickness 0.1)))
    )
    (fp_text value 4.7uF (at 0 1.43 90) (layer F.Fab)
      (effects (font (size 1 1) (thickness 0.15)))
    )
    (fp_line (start -0.8 0.4) (end -0.8 -0.4) (layer F.Fab) (width 0.1))
    (fp_line (start -0.8 -0.4) (end 0.8 -0.4) (layer F.Fab) (width 0.1))
    (fp_line (start 0.8 -0.4) (end 0.8 0.4) (layer F.Fab) (width 0.1))
    (fp_line (start 0.8 0.4) (end -0.8 0.4) (layer F.Fab) (width 0.1))
    (fp_line (start -0.171267 -0.51) (end 0.171267 -0.51) (layer F.SilkS) (width 0.12))
    (fp_line (start -0.171267 0.51) (end 0.171267 0.51) (layer F.SilkS) (width 0.12))
    (fp_line (start -1.65 0.73) (end -1.65 -0.73) (layer F.CrtYd) (width 0.05))
    (fp_line (start -1.65 -0.73) (end 1.65 -0.73) (layer F.CrtYd) (width 0.05))
    (fp_line (start 1.65 -0.73) (end 1.65 0.73) (layer F.CrtYd) (width 0.05))
    (fp_line (start 1.65 0.73) (end -1.65 0.73) (layer F.CrtYd) (width 0.05))
    (fp_text user %R (at 0 0 90) (layer F.Fab)
      (effects (font (size 0.4 0.4) (thickness 0.06)))
    )
    (pad 1 smd roundrect (at -0.875 0 90) (size 1.05 0.95) (layers F.Cu F.Paste F.Mask) (roundrect_rratio 0.25)
      (net 2 GND))
    (pad 2 smd roundrect (at 0.875 0 90) (size 1.05 0.95) (layers F.Cu F.Paste F.Mask) (roundrect_rratio 0.25)
      (net 1 VCC))
    (model ${KISYS3DMOD}/Capacitor_SMD.3dshapes/C_0603_1608Metric.wrl
      (at (xyz 0 0 0))
      (scale (xyz 1 1 1))
      (rotate (xyz 0 0 0))
    )
  )

  (module Capacitor_SMD:C_0603_1608Metric_Pad1.05x0.95mm_HandSolder (layer F.Cu) (tedit 5B301BBE) (tstamp 5B97766C)
    (at 118.15 86.025 90)
    (descr "Capacitor SMD 0603 (1608 Metric), square (rectangular) end terminal, IPC_7351 nominal with elongated pad for handsoldering. (Body size source: http://www.tortai-tech.com/upload/download/2011102023233369053.pdf), generated with kicad-footprint-generator")
    (tags "capacitor handsolder")
    (path /59C9FF60)
    (attr smd)
    (fp_text reference C5 (at -0.1 -1.675 180) (layer F.SilkS)
      (effects (font (size 1 1) (thickness 0.15)))
    )
    (fp_text value 4.7uF (at 0 1.43 90) (layer F.Fab)
      (effects (font (size 1 1) (thickness 0.15)))
    )
    (fp_line (start -0.8 0.4) (end -0.8 -0.4) (layer F.Fab) (width 0.1))
    (fp_line (start -0.8 -0.4) (end 0.8 -0.4) (layer F.Fab) (width 0.1))
    (fp_line (start 0.8 -0.4) (end 0.8 0.4) (layer F.Fab) (width 0.1))
    (fp_line (start 0.8 0.4) (end -0.8 0.4) (layer F.Fab) (width 0.1))
    (fp_line (start -0.171267 -0.51) (end 0.171267 -0.51) (layer F.SilkS) (width 0.12))
    (fp_line (start -0.171267 0.51) (end 0.171267 0.51) (layer F.SilkS) (width 0.12))
    (fp_line (start -1.65 0.73) (end -1.65 -0.73) (layer F.CrtYd) (width 0.05))
    (fp_line (start -1.65 -0.73) (end 1.65 -0.73) (layer F.CrtYd) (width 0.05))
    (fp_line (start 1.65 -0.73) (end 1.65 0.73) (layer F.CrtYd) (width 0.05))
    (fp_line (start 1.65 0.73) (end -1.65 0.73) (layer F.CrtYd) (width 0.05))
    (fp_text user %R (at 0 0 90) (layer F.Fab)
      (effects (font (size 0.4 0.4) (thickness 0.06)))
    )
    (pad 1 smd roundrect (at -0.875 0 90) (size 1.05 0.95) (layers F.Cu F.Paste F.Mask) (roundrect_rratio 0.25)
      (net 23 +BATT))
    (pad 2 smd roundrect (at 0.875 0 90) (size 1.05 0.95) (layers F.Cu F.Paste F.Mask) (roundrect_rratio 0.25)
      (net 2 GND))
    (model ${KISYS3DMOD}/Capacitor_SMD.3dshapes/C_0603_1608Metric.wrl
      (at (xyz 0 0 0))
      (scale (xyz 1 1 1))
      (rotate (xyz 0 0 0))
    )
  )

  (module Capacitor_SMD:C_0603_1608Metric_Pad1.05x0.95mm_HandSolder (layer F.Cu) (tedit 5B9ADBBA) (tstamp 5B9BAA50)
    (at 154.3 90.6 90)
    (descr "Capacitor SMD 0603 (1608 Metric), square (rectangular) end terminal, IPC_7351 nominal with elongated pad for handsoldering. (Body size source: http://www.tortai-tech.com/upload/download/2011102023233369053.pdf), generated with kicad-footprint-generator")
    (tags "capacitor handsolder")
    (path /5B938E3D)
    (attr smd)
    (fp_text reference C6 (at 2.1 -0.025 180) (layer F.SilkS)
      (effects (font (size 0.75 0.75) (thickness 0.1)))
    )
    (fp_text value 4.7uF (at 0 1.43 90) (layer F.Fab)
      (effects (font (size 1 1) (thickness 0.15)))
    )
    (fp_text user %R (at 0 0 90) (layer F.Fab)
      (effects (font (size 0.4 0.4) (thickness 0.06)))
    )
    (fp_line (start 1.65 0.73) (end -1.65 0.73) (layer F.CrtYd) (width 0.05))
    (fp_line (start 1.65 -0.73) (end 1.65 0.73) (layer F.CrtYd) (width 0.05))
    (fp_line (start -1.65 -0.73) (end 1.65 -0.73) (layer F.CrtYd) (width 0.05))
    (fp_line (start -1.65 0.73) (end -1.65 -0.73) (layer F.CrtYd) (width 0.05))
    (fp_line (start -0.171267 0.51) (end 0.171267 0.51) (layer F.SilkS) (width 0.12))
    (fp_line (start -0.171267 -0.51) (end 0.171267 -0.51) (layer F.SilkS) (width 0.12))
    (fp_line (start 0.8 0.4) (end -0.8 0.4) (layer F.Fab) (width 0.1))
    (fp_line (start 0.8 -0.4) (end 0.8 0.4) (layer F.Fab) (width 0.1))
    (fp_line (start -0.8 -0.4) (end 0.8 -0.4) (layer F.Fab) (width 0.1))
    (fp_line (start -0.8 0.4) (end -0.8 -0.4) (layer F.Fab) (width 0.1))
    (pad 2 smd roundrect (at 0.875 0 90) (size 1.05 0.95) (layers F.Cu F.Paste F.Mask) (roundrect_rratio 0.25)
      (net 1 VCC))
    (pad 1 smd roundrect (at -0.875 0 90) (size 1.05 0.95) (layers F.Cu F.Paste F.Mask) (roundrect_rratio 0.25)
      (net 2 GND))
    (model ${KISYS3DMOD}/Capacitor_SMD.3dshapes/C_0603_1608Metric.wrl
      (at (xyz 0 0 0))
      (scale (xyz 1 1 1))
      (rotate (xyz 0 0 0))
    )
  )

  (module Capacitor_SMD:C_0603_1608Metric_Pad1.05x0.95mm_HandSolder (layer F.Cu) (tedit 5B301BBE) (tstamp 5B9BA436)
    (at 125.75 90.325 180)
    (descr "Capacitor SMD 0603 (1608 Metric), square (rectangular) end terminal, IPC_7351 nominal with elongated pad for handsoldering. (Body size source: http://www.tortai-tech.com/upload/download/2011102023233369053.pdf), generated with kicad-footprint-generator")
    (tags "capacitor handsolder")
    (path /5BA3238A)
    (attr smd)
    (fp_text reference C7 (at -2.75 -0.2 180) (layer F.SilkS)
      (effects (font (size 1 1) (thickness 0.15)))
    )
    (fp_text value 10uF (at 0 1.43 180) (layer F.Fab)
      (effects (font (size 1 1) (thickness 0.15)))
    )
    (fp_text user %R (at 0 0 180) (layer F.Fab)
      (effects (font (size 0.4 0.4) (thickness 0.06)))
    )
    (fp_line (start 1.65 0.73) (end -1.65 0.73) (layer F.CrtYd) (width 0.05))
    (fp_line (start 1.65 -0.73) (end 1.65 0.73) (layer F.CrtYd) (width 0.05))
    (fp_line (start -1.65 -0.73) (end 1.65 -0.73) (layer F.CrtYd) (width 0.05))
    (fp_line (start -1.65 0.73) (end -1.65 -0.73) (layer F.CrtYd) (width 0.05))
    (fp_line (start -0.171267 0.51) (end 0.171267 0.51) (layer F.SilkS) (width 0.12))
    (fp_line (start -0.171267 -0.51) (end 0.171267 -0.51) (layer F.SilkS) (width 0.12))
    (fp_line (start 0.8 0.4) (end -0.8 0.4) (layer F.Fab) (width 0.1))
    (fp_line (start 0.8 -0.4) (end 0.8 0.4) (layer F.Fab) (width 0.1))
    (fp_line (start -0.8 -0.4) (end 0.8 -0.4) (layer F.Fab) (width 0.1))
    (fp_line (start -0.8 0.4) (end -0.8 -0.4) (layer F.Fab) (width 0.1))
    (pad 2 smd roundrect (at 0.875 0 180) (size 1.05 0.95) (layers F.Cu F.Paste F.Mask) (roundrect_rratio 0.25)
      (net 2 GND))
    (pad 1 smd roundrect (at -0.875 0 180) (size 1.05 0.95) (layers F.Cu F.Paste F.Mask) (roundrect_rratio 0.25)
      (net 22 "Net-(C7-Pad1)"))
    (model ${KISYS3DMOD}/Capacitor_SMD.3dshapes/C_0603_1608Metric.wrl
      (at (xyz 0 0 0))
      (scale (xyz 1 1 1))
      (rotate (xyz 0 0 0))
    )
  )

  (module Capacitor_SMD:C_0603_1608Metric_Pad1.05x0.95mm_HandSolder (layer F.Cu) (tedit 5B95ACFE) (tstamp 5B9BA406)
    (at 120.325 94.475 180)
    (descr "Capacitor SMD 0603 (1608 Metric), square (rectangular) end terminal, IPC_7351 nominal with elongated pad for handsoldering. (Body size source: http://www.tortai-tech.com/upload/download/2011102023233369053.pdf), generated with kicad-footprint-generator")
    (tags "capacitor handsolder")
    (path /5BA4047F)
    (attr smd)
    (fp_text reference C8 (at 2.425 -0.075 180) (layer F.SilkS)
      (effects (font (size 0.75 0.75) (thickness 0.1)))
    )
    (fp_text value 22uF (at 0 1.43 180) (layer F.Fab)
      (effects (font (size 1 1) (thickness 0.15)))
    )
    (fp_line (start -0.8 0.4) (end -0.8 -0.4) (layer F.Fab) (width 0.1))
    (fp_line (start -0.8 -0.4) (end 0.8 -0.4) (layer F.Fab) (width 0.1))
    (fp_line (start 0.8 -0.4) (end 0.8 0.4) (layer F.Fab) (width 0.1))
    (fp_line (start 0.8 0.4) (end -0.8 0.4) (layer F.Fab) (width 0.1))
    (fp_line (start -0.171267 -0.51) (end 0.171267 -0.51) (layer F.SilkS) (width 0.12))
    (fp_line (start -0.171267 0.51) (end 0.171267 0.51) (layer F.SilkS) (width 0.12))
    (fp_line (start -1.65 0.73) (end -1.65 -0.73) (layer F.CrtYd) (width 0.05))
    (fp_line (start -1.65 -0.73) (end 1.65 -0.73) (layer F.CrtYd) (width 0.05))
    (fp_line (start 1.65 -0.73) (end 1.65 0.73) (layer F.CrtYd) (width 0.05))
    (fp_line (start 1.65 0.73) (end -1.65 0.73) (layer F.CrtYd) (width 0.05))
    (fp_text user %R (at 0 0 180) (layer F.Fab)
      (effects (font (size 0.4 0.4) (thickness 0.06)))
    )
    (pad 1 smd roundrect (at -0.875 0 180) (size 1.05 0.95) (layers F.Cu F.Paste F.Mask) (roundrect_rratio 0.25)
      (net 8 +5V))
    (pad 2 smd roundrect (at 0.875 0 180) (size 1.05 0.95) (layers F.Cu F.Paste F.Mask) (roundrect_rratio 0.25)
      (net 2 GND))
    (model ${KISYS3DMOD}/Capacitor_SMD.3dshapes/C_0603_1608Metric.wrl
      (at (xyz 0 0 0))
      (scale (xyz 1 1 1))
      (rotate (xyz 0 0 0))
    )
  )

  (module LED_SMD:LED_0603_1608Metric_Castellated (layer F.Cu) (tedit 5B301BBE) (tstamp 5B9B59BE)
    (at 100.4 86.05)
    (descr "LED SMD 0603 (1608 Metric), castellated end terminal, IPC_7351 nominal, (Body size source: http://www.tortai-tech.com/upload/download/2011102023233369053.pdf), generated with kicad-footprint-generator")
    (tags "LED castellated")
    (path /59C9F30F)
    (attr smd)
    (fp_text reference D1 (at 2.75 0.05) (layer F.SilkS)
      (effects (font (size 1 1) (thickness 0.15)))
    )
    (fp_text value LED (at 0 1.38) (layer F.Fab)
      (effects (font (size 1 1) (thickness 0.15)))
    )
    (fp_line (start 0.8 -0.4) (end -0.5 -0.4) (layer F.Fab) (width 0.1))
    (fp_line (start -0.5 -0.4) (end -0.8 -0.1) (layer F.Fab) (width 0.1))
    (fp_line (start -0.8 -0.1) (end -0.8 0.4) (layer F.Fab) (width 0.1))
    (fp_line (start -0.8 0.4) (end 0.8 0.4) (layer F.Fab) (width 0.1))
    (fp_line (start 0.8 0.4) (end 0.8 -0.4) (layer F.Fab) (width 0.1))
    (fp_line (start 0.8 -0.685) (end -1.685 -0.685) (layer F.SilkS) (width 0.12))
    (fp_line (start -1.685 -0.685) (end -1.685 0.685) (layer F.SilkS) (width 0.12))
    (fp_line (start -1.685 0.685) (end 0.8 0.685) (layer F.SilkS) (width 0.12))
    (fp_line (start -1.68 0.68) (end -1.68 -0.68) (layer F.CrtYd) (width 0.05))
    (fp_line (start -1.68 -0.68) (end 1.68 -0.68) (layer F.CrtYd) (width 0.05))
    (fp_line (start 1.68 -0.68) (end 1.68 0.68) (layer F.CrtYd) (width 0.05))
    (fp_line (start 1.68 0.68) (end -1.68 0.68) (layer F.CrtYd) (width 0.05))
    (fp_text user %R (at 0 0) (layer F.Fab)
      (effects (font (size 0.4 0.4) (thickness 0.06)))
    )
    (pad 1 smd roundrect (at -0.8125 0) (size 1.225 0.85) (layers F.Cu F.Paste F.Mask) (roundrect_rratio 0.25)
      (net 3 "Net-(D1-Pad1)"))
    (pad 2 smd roundrect (at 0.8125 0) (size 1.225 0.85) (layers F.Cu F.Paste F.Mask) (roundrect_rratio 0.25)
      (net 21 Vin))
    (model ${KISYS3DMOD}/LED_SMD.3dshapes/LED_0603_1608Metric_Castellated.wrl
      (at (xyz 0 0 0))
      (scale (xyz 1 1 1))
      (rotate (xyz 0 0 0))
    )
  )

